  21    1.256637
   1    0.000000    0.000000    0.953865   -0.096910   -0.096919    0.039785
   2    0.000000    0.167552    0.953796   -0.097337   -0.097348    0.039946
   3    0.000000    0.335103    0.953571   -0.098837   -0.098851    0.040478
   4    0.000000    0.502655    0.953180   -0.101439   -0.101455    0.041383
   5    0.000000    0.670206    0.952607   -0.105178   -0.105196    0.042655
   6    0.000000    0.837758    0.951845   -0.110075   -0.110095    0.044277
   7    0.000000    1.005310    0.950907   -0.116092   -0.116114    0.046198
   8    0.000000    1.172861    0.949872   -0.123032   -0.123056    0.048288
   9    0.000000    1.340413    0.948972   -0.130305   -0.130332    0.050251
  10    0.000000    1.507964    0.948696   -0.136550   -0.136579    0.051514
  11    0.000000    1.675516    0.949545   -0.140189   -0.140222    0.051484
  12    0.000000    1.843068    0.951446   -0.140591   -0.140625    0.050157
  13    0.000000    2.010619    0.953099   -0.139557   -0.139586    0.048802
  14    0.000000    2.178171    0.952760   -0.140348   -0.140365    0.049171
  15    0.000000    2.345723    0.950704   -0.142317   -0.142320    0.050980
  16    0.000000    2.513274    0.948845   -0.141904   -0.141896    0.052305
  17    0.000000    2.680826    0.948232   -0.137915   -0.137902    0.052129
  18    0.000000    2.848377    0.948679   -0.131529   -0.131513    0.050713
  19    0.000000    3.015929    0.949648   -0.124302   -0.124286    0.048688
  20    0.000000    3.183481    0.950731   -0.117315   -0.117301    0.046543
  21    0.000000    3.351032    0.951717   -0.111148   -0.111137    0.044559
  22    0.000000    3.518584    0.952520   -0.106049   -0.106042    0.042872
  23    0.000000    3.686135    0.953125   -0.102091   -0.102087    0.041539
  24    0.000000    3.853687    0.953540   -0.099268   -0.099269    0.040580
  25    0.000000    4.021239    0.953782   -0.097550   -0.097555    0.039995
  26    0.000000    4.188790    0.953865   -0.096910   -0.096919    0.039785
  27    0.145104   -0.083776    0.953821   -0.097488   -0.097497    0.039938
  28    0.145104    0.083776    0.953837   -0.097373   -0.097383    0.039903
  29    0.145104    0.251327    0.953865   -0.098102   -0.098113    0.040098
  30    0.145104    0.418879    0.953910   -0.099657   -0.099669    0.040506
  31    0.145104    0.586431    0.953983   -0.101995   -0.102008    0.041094
  32    0.145104    0.753982    0.954113   -0.105025   -0.105039    0.041801
  33    0.145104    0.921534    0.954362   -0.108571   -0.108586    0.042520
  34    0.145104    1.089085    0.954851   -0.112293   -0.112310    0.043072
  35    0.145104    1.256637    0.955808   -0.115533   -0.115552    0.043164
  36    0.145104    1.424189    0.957569   -0.117082   -0.117103    0.042375
  37    0.145104    1.591740    0.960321   -0.115826   -0.115850    0.040434
  38    0.145104    1.759292    0.963755   -0.111657   -0.111684    0.037588
  39    0.145104    1.926843    0.966758   -0.106607   -0.106635    0.034932
  40    0.145104    2.094395    0.967731   -0.104955   -0.104978    0.034085
  41    0.145104    2.261947    0.966021   -0.108685   -0.108698    0.035714
  42    0.145104    2.429498    0.962691   -0.114478   -0.114481    0.038735
  43    0.145104    2.597050    0.959343   -0.118329   -0.118326    0.041525
  44    0.145104    2.764602    0.956859   -0.118976   -0.118970    0.043224
  45    0.145104    2.932153    0.955329   -0.117064   -0.117057    0.043801
  46    0.145104    3.099705    0.954501   -0.113708   -0.113701    0.043588
  47    0.145104    3.267256    0.954097   -0.109842   -0.109837    0.042943
  48    0.145104    3.434808    0.953918   -0.106091   -0.106089    0.042138
  49    0.145104    3.602360    0.953846   -0.102825   -0.102825    0.041349
  50    0.145104    3.769911    0.953820   -0.100244   -0.100248    0.040683
  51    0.145104    3.937463    0.953815   -0.098451   -0.098457    0.040202
  52    0.145104    4.105014    0.953821   -0.097488   -0.097497    0.039938
  53    0.290208   -0.167552    0.953625   -0.099134   -0.099144    0.040459
  54    0.290208    0.000000    0.953563   -0.098696   -0.098706    0.040371
  55    0.290208    0.167552    0.953677   -0.098883   -0.098893    0.040369
  56    0.290208    0.335103    0.953976   -0.099663   -0.099673    0.040438
  57    0.290208    0.502655    0.954483   -0.100942   -0.100952    0.040531
  58    0.290208    0.670206    0.955245   -0.102553   -0.102563    0.040567
  59    0.290208    0.837758    0.956337   -0.104223   -0.104234    0.040417
  60    0.290208    1.005310    0.957876   -0.105534   -0.105546    0.039902
  61    0.290208    1.172861    0.960036   -0.105821   -0.105835    0.038774
  62    0.290208    1.340413    0.962997   -0.104046   -0.104062    0.036767
  63    0.290208    1.507964    0.966727   -0.099452   -0.099470    0.033835
  64    0.290208    1.675516    0.970823   -0.092188   -0.092210    0.030330
  65    0.290208    1.843068    0.974429   -0.083996   -0.084020    0.027097
  66    0.290208    2.010619    0.976413   -0.078812   -0.078834    0.025293
  67    0.290208    2.178171    0.975999   -0.080314   -0.080331    0.025726
  68    0.290208    2.345723    0.973372   -0.087502   -0.087512    0.028206
  69    0.290208    2.513274    0.969525   -0.096019   -0.096022    0.031708
  70    0.290208    2.680826    0.965543   -0.102646   -0.102647    0.035124
  71    0.290208    2.848377    0.962095   -0.106402   -0.106401    0.037797
  72    0.290208    3.015929    0.959401   -0.107619   -0.107619    0.039554
  73    0.290208    3.183481    0.957415   -0.107071   -0.107072    0.040517
  74    0.290208    3.351032    0.955993   -0.105526   -0.105529    0.040908
  75    0.290208    3.518584    0.954994   -0.103597   -0.103601    0.040947
  76    0.290208    3.686135    0.954309   -0.101716   -0.101723    0.040809
  77    0.290208    3.853687    0.953866   -0.100171   -0.100179    0.040620
  78    0.290208    4.021239    0.953625   -0.099134   -0.099144    0.040459
  79    0.435312   -0.251327    0.953264   -0.101869   -0.101881    0.041348
  80    0.435312   -0.083776    0.952952   -0.101356   -0.101367    0.041366
  81    0.435312    0.083776    0.952988   -0.101221   -0.101231    0.041311
  82    0.435312    0.251327    0.953376   -0.101461   -0.101470    0.041180
  83    0.435312    0.418879    0.954143   -0.101963   -0.101971    0.040929
  84    0.435312    0.586431    0.955341   -0.102505   -0.102513    0.040467
  85    0.435312    0.753982    0.957049   -0.102743   -0.102751    0.039660
  86    0.435312    0.921534    0.959364   -0.102206   -0.102215    0.038343
  87    0.435312    1.089085    0.962391   -0.100245   -0.100256    0.036326
  88    0.435312    1.256637    0.966174   -0.095985   -0.095998    0.033479
  89    0.435312    1.424189    0.970514   -0.088960   -0.088976    0.029920
  90    0.435312    1.591740    0.974950   -0.079513   -0.079531    0.026068
  91    0.435312    1.759292    0.978807   -0.069065   -0.069085    0.022594
  92    0.435312    1.926843    0.981333   -0.060743   -0.060763    0.020277
  93    0.435312    2.094395    0.981963   -0.058644   -0.058661    0.019722
  94    0.435312    2.261947    0.980565   -0.064100   -0.064111    0.021075
  95    0.435312    2.429498    0.977509   -0.073921   -0.073927    0.023945
  96    0.435312    2.597050    0.973474   -0.084210   -0.084214    0.027619
  97    0.435312    2.764602    0.969164   -0.092731   -0.092733    0.031366
  98    0.435312    2.932153    0.965114   -0.098715   -0.098718    0.034655
  99    0.435312    3.099705    0.961627   -0.102250   -0.102255    0.037225
 100    0.435312    3.267256    0.958810   -0.103824   -0.103830    0.039041
 101    0.435312    3.434808    0.956642   -0.104047   -0.104055    0.040204
 102    0.435312    3.602360    0.955050   -0.103500   -0.103510    0.040876
 103    0.435312    3.769911    0.953948   -0.102658   -0.102669    0.041214
 104    0.435312    3.937463    0.953264   -0.101869   -0.101881    0.041348
 105    0.580416   -0.335103    0.952727   -0.105716   -0.105730    0.042599
 106    0.580416   -0.167552    0.951962   -0.105446   -0.105458    0.042922
 107    0.580416    0.000000    0.951744   -0.105234   -0.105245    0.042975
 108    0.580416    0.167552    0.952057   -0.105158   -0.105167    0.042788
 109    0.580416    0.335103    0.952923   -0.105128   -0.105136    0.042327
 110    0.580416    0.502655    0.954401   -0.104890   -0.104897    0.041501
 111    0.580416    0.670206    0.956568   -0.104040   -0.104047    0.040176
 112    0.580416    0.837758    0.959501   -0.102052   -0.102060    0.038199
 113    0.580416    1.005310    0.963242   -0.098287   -0.098296    0.035440
 114    0.580416    1.172861    0.967713   -0.092005   -0.092017    0.031881
 115    0.580416    1.340413    0.972571   -0.082997   -0.083011    0.027785
 116    0.580416    1.507964    0.977295   -0.071799   -0.071815    0.023633
 117    0.580416    1.675516    0.981312   -0.059634   -0.059652    0.019998
 118    0.580416    1.843068    0.984124   -0.048818   -0.048836    0.017411
 119    0.580416    2.010619    0.985404   -0.042994   -0.043010    0.016236
 120    0.580416    2.178171    0.985027   -0.045224   -0.045235    0.016626
 121    0.580416    2.345723    0.983074   -0.054090   -0.054096    0.018496
 122    0.580416    2.513274    0.979821   -0.065682   -0.065685    0.021545
 123    0.580416    2.680826    0.975664   -0.077225   -0.077228    0.025336
 124    0.580416    2.848377    0.971075   -0.087235   -0.087239    0.029372
 125    0.580416    3.015929    0.966518   -0.095018   -0.095024    0.033186
 126    0.580416    3.183481    0.962371   -0.100424   -0.100433    0.036439
 127    0.580416    3.351032    0.958873   -0.103693   -0.103704    0.038963
 128    0.580416    3.518584    0.956116   -0.105299   -0.105312    0.040756
 129    0.580416    3.686135    0.954088   -0.105801   -0.105815    0.041921
 130    0.580416    3.853687    0.952727   -0.105716   -0.105730    0.042599
 131    0.725520   -0.418879    0.952007   -0.110670   -0.110686    0.044189
 132    0.725520   -0.251327    0.950531   -0.111099   -0.111113    0.045087
 133    0.725520   -0.083776    0.949845   -0.111122   -0.111135    0.045459
 134    0.725520    0.083776    0.949902   -0.110974   -0.110985    0.045380
 135    0.725520    0.251327    0.950707   -0.110645   -0.110654    0.044849
 136    0.725520    0.418879    0.952319   -0.109884   -0.109891    0.043780
 137    0.725520    0.586431    0.954823   -0.108229   -0.108236    0.042036
 138    0.725520    0.753982    0.958289   -0.105083   -0.105091    0.039468
 139    0.725520    0.921534    0.962707   -0.099782   -0.099791    0.035992
 140    0.725520    1.089085    0.967883   -0.091683   -0.091694    0.031699
 141    0.725520    1.256637    0.973327   -0.080817   -0.080831    0.026996
 142    0.725520    1.424189    0.978425   -0.067957   -0.067973    0.022452
 143    0.725520    1.591740    0.982650   -0.054280   -0.054298    0.018602
 144    0.725520    1.759292    0.985664   -0.041478   -0.041496    0.015815
 145    0.725520    1.926843    0.987336   -0.032237   -0.032253    0.014264
 146    0.725520    2.094395    0.987656   -0.030454   -0.030465    0.013988
 147    0.725520    2.261947    0.986647   -0.037181   -0.037186    0.014975
 148    0.725520    2.429498    0.984382   -0.048539   -0.048540    0.017138
 149    0.725520    2.597050    0.980980   -0.061347   -0.061348    0.020328
 150    0.725520    2.764602    0.976639   -0.073991   -0.073994    0.024310
 151    0.725520    2.932153    0.971685   -0.085422   -0.085428    0.028726
 152    0.725520    3.099705    0.966566   -0.094882   -0.094892    0.033125
 153    0.725520    3.267256    0.961751   -0.101964   -0.101977    0.037075
 154    0.725520    3.434808    0.957612   -0.106677   -0.106692    0.040278
 155    0.725520    3.602360    0.954350   -0.109389   -0.109405    0.042631
 156    0.725520    3.769911    0.952007   -0.110670   -0.110686    0.044189
 157    0.870624   -0.502655    0.951130   -0.116642   -0.116661    0.046054
 158    0.870624   -0.335103    0.948580   -0.118463   -0.118480    0.047920
 159    0.870624   -0.167552    0.947137   -0.119176   -0.119191    0.048910
 160    0.870624    0.000000    0.946712   -0.119261   -0.119274    0.049163
 161    0.870624    0.167552    0.947271   -0.118881   -0.118891    0.048730
 162    0.870624    0.335103    0.948862   -0.117845   -0.117853    0.047550
 163    0.870624    0.502655    0.951592   -0.115649   -0.115656    0.045473
 164    0.870624    0.670206    0.955545   -0.111588   -0.111596    0.042339
 165    0.870624    0.837758    0.960683   -0.104913   -0.104922    0.038089
 166    0.870624    1.005310    0.966699   -0.095019   -0.095031    0.032919
 167    0.870624    1.172861    0.972917   -0.082177   -0.082192    0.027412
 168    0.870624    1.340413    0.978581   -0.067475   -0.067492    0.022282
 169    0.870624    1.507964    0.983149   -0.052222   -0.052240    0.018074
 170    0.870624    1.675516    0.986391   -0.037747   -0.037765    0.015053
 171    0.870624    1.843068    0.988331   -0.025635   -0.025651    0.013239
 172    0.870624    2.010619    0.989099   -0.019151   -0.019164    0.012530
 173    0.870624    2.178171    0.988780   -0.022783   -0.022787    0.012860
 174    0.870624    2.345723    0.987377   -0.033410   -0.033409    0.014222
 175    0.870624    2.513274    0.984892   -0.046343   -0.046342    0.016599
 176    0.870624    2.680826    0.981292   -0.060141   -0.060142    0.019992
 177    0.870624    2.848377    0.976621   -0.074009   -0.074013    0.024317
 178    0.870624    3.015929    0.971124   -0.087045   -0.087053    0.029299
 179    0.870624    3.183481    0.965272   -0.098291   -0.098304    0.034460
 180    0.870624    3.351032    0.959669   -0.107030   -0.107046    0.039234
 181    0.870624    3.518584    0.954851   -0.113043   -0.113061    0.043168
 182    0.870624    3.686135    0.951130   -0.116642   -0.116661    0.046054
 183    1.015728   -0.586431    0.950184   -0.123368   -0.123389    0.048054
 184    1.015728   -0.418879    0.946030   -0.127647   -0.127667    0.051469
 185    1.015728   -0.251327    0.943392   -0.129770   -0.129788    0.053545
 186    1.015728   -0.083776    0.942159   -0.130532   -0.130547    0.054465
 187    1.015728    0.083776    0.942229   -0.130401   -0.130413    0.054368
 188    1.015728    0.251327    0.943613   -0.129358   -0.129367    0.053246
 189    1.015728    0.418879    0.946439   -0.126895   -0.126903    0.050942
 190    1.015728    0.586431    0.950846   -0.122165   -0.122174    0.047250
 191    1.015728    0.753982    0.956809   -0.114237   -0.114247    0.042100
 192    1.015728    0.921534    0.963918   -0.102446   -0.102458    0.035786
 193    1.015728    1.089085    0.971244   -0.087299   -0.087314    0.029135
 194    1.015728    1.256637    0.977784   -0.070332   -0.070349    0.023100
 195    1.015728    1.424189    0.982916   -0.053199   -0.053217    0.018307
 196    1.015728    1.591740    0.986491   -0.037166   -0.037184    0.014940
 197    1.015728    1.759292    0.988677   -0.022998   -0.023015    0.012874
 198    1.015728    1.926843    0.989737   -0.011842   -0.011857    0.011879
 199    1.015728    2.094395    0.989896   -0.009802   -0.009809    0.011746
 200    1.015728    2.261947    0.989146   -0.020362   -0.020358    0.012489
 201    1.015728    2.429498    0.987474   -0.033153   -0.033148    0.014115
 202    1.015728    2.597050    0.984767   -0.046955   -0.046953    0.016717
 203    1.015728    2.764602    0.980844   -0.061800   -0.061803    0.020447
 204    1.015728    2.932153    0.975623   -0.077247   -0.077254    0.025346
 205    1.015728    3.099705    0.969288   -0.092299   -0.092312    0.031196
 206    1.015728    3.267256    0.962403   -0.105639   -0.105656    0.037428
 207    1.015728    3.434808    0.955783   -0.116142   -0.116163    0.043269
 208    1.015728    3.602360    0.950184   -0.123368   -0.123389    0.048054
 209    1.160832   -0.670206    0.949384   -0.130257   -0.130281    0.049905
 210    1.160832   -0.502655    0.942845   -0.138600   -0.138624    0.055723
 211    1.160832   -0.335103    0.938293   -0.143321   -0.143343    0.059657
 212    1.160832   -0.167552    0.935722   -0.145488   -0.145506    0.061805
 213    1.160832    0.000000    0.934938   -0.146031   -0.146046    0.062420
 214    1.160832    0.167552    0.935853   -0.145294   -0.145306    0.061611
 215    1.160832    0.335103    0.938593   -0.142880   -0.142889    0.059241
 216    1.160832    0.502655    0.943398   -0.137784   -0.137793    0.055019
 217    1.160832    0.670206    0.950343   -0.128757   -0.128767    0.048786
 218    1.160832    0.837758    0.958948   -0.114901   -0.114913    0.040905
 219    1.160832    1.005310    0.967923   -0.096925   -0.096938    0.032554
 220    1.160832    1.172861    0.975840   -0.077002   -0.077017    0.025103
 221    1.160832    1.340413    0.981885   -0.057428   -0.057444    0.019365
 222    1.160832    1.507964    0.985982   -0.039734   -0.039750    0.015456
 223    1.160832    1.675516    0.988474   -0.024401   -0.024415    0.013071
 224    1.160832    1.843068    0.989779   -0.011129   -0.011143    0.011826
 225    1.160832    2.010619    0.990202    0.000439    0.000426    0.011435
 226    1.160832    2.178171    0.989950   -0.010479   -0.010473    0.011697
 227    1.160832    2.345723    0.988901   -0.023123   -0.023117    0.012733
 228    1.160832    2.513274    0.987011   -0.035934   -0.035930    0.014581
 229    1.160832    2.680826    0.984006   -0.050298   -0.050298    0.017496
 230    1.160832    2.848377    0.979559   -0.066510   -0.066516    0.021773
 231    1.160832    3.015929    0.973442   -0.084136   -0.084148    0.027601
 232    1.160832    3.183481    0.965806   -0.101866   -0.101883    0.034795
 233    1.160832    3.351032    0.957394   -0.117798   -0.117820    0.042606
 234    1.160832    3.518584    0.949384   -0.130257   -0.130281    0.049905
 235    1.305936   -0.753982    0.949117   -0.136250   -0.136279    0.051142
 236    1.305936   -0.586431    0.939144   -0.150868   -0.150897    0.060500
 237    1.305936   -0.418879    0.931456   -0.160147   -0.160174    0.067589
 238    1.305936   -0.251327    0.926581   -0.164999   -0.165022    0.071987
 239    1.305936   -0.083776    0.924310   -0.166915   -0.166933    0.073980
 240    1.305936    0.083776    0.924343   -0.166896   -0.166910    0.073908
 241    1.305936    0.251327    0.926711   -0.164908   -0.164919    0.071749
 242    1.305936    0.418879    0.931784   -0.159859   -0.159868    0.067101
 243    1.305936    0.586431    0.939886   -0.150024   -0.150032    0.059574
 244    1.305936    0.753982    0.950591   -0.133970   -0.133979    0.049491
 245    1.305936    0.921534    0.962105   -0.112464   -0.112474    0.038527
 246    1.305936    1.089085    0.972240   -0.088567   -0.088577    0.028803
 247    1.305936    1.256637    0.979779   -0.065663   -0.065673    0.021529
 248    1.305936    1.424189    0.984715   -0.045911   -0.045920    0.016748
 249    1.305936    1.591740    0.987657   -0.029907   -0.029914    0.013893
 250    1.305936    1.759292    0.989251   -0.017370   -0.017375    0.012347
 251    1.305936    1.926843    0.989954   -0.008513   -0.008516    0.011672
 252    1.305936    2.094395    0.989971   -0.009953   -0.009949    0.011670
 253    1.305936    2.261947    0.989328   -0.019395   -0.019390    0.012319
 254    1.305936    2.429498    0.988075   -0.029395   -0.029394    0.013563
 255    1.305936    2.597050    0.985916   -0.041676   -0.041678    0.015693
 256    1.305936    2.764602    0.982450   -0.056764   -0.056771    0.019092
 257    1.305936    2.932153    0.977150   -0.074945   -0.074958    0.024258
 258    1.305936    3.099705    0.969581   -0.095657   -0.095677    0.031587
 259    1.305936    3.267256    0.959867   -0.117036   -0.117062    0.040919
 260    1.305936    3.434808    0.949117   -0.136250   -0.136279    0.051142
 261    1.451039   -0.837758    0.949840   -0.139922   -0.139959    0.051216
 262    1.451039   -0.670206    0.935384   -0.163244   -0.163282    0.065253
 263    1.451039   -0.502655    0.922583   -0.180092   -0.180128    0.077573
 264    1.451039   -0.335103    0.913517   -0.189935   -0.189966    0.086191
 265    1.451039   -0.167552    0.908489   -0.194511   -0.194536    0.090894
 266    1.451039    0.000000    0.906894   -0.195838   -0.195857    0.092344
 267    1.451039    0.167552    0.908407   -0.194726   -0.194739    0.090887
 268    1.451039    0.335103    0.913457   -0.190272   -0.190280    0.086086
 269    1.451039    0.502655    0.922845   -0.180181   -0.180186    0.077101
 270    1.451039    0.670206    0.936515   -0.162023   -0.162026    0.063908
 271    1.451039    0.837758    0.952053   -0.136214   -0.136215    0.048811
 272    1.451039    1.005310    0.965891   -0.106942   -0.106942    0.035302
 273    1.451039    1.172861    0.975956   -0.079358   -0.079356    0.025441
 274    1.451039    1.340413    0.982301   -0.056706   -0.056701    0.019208
 275    1.451039    1.507964    0.985967   -0.039761   -0.039755    0.015598
 276    1.451039    1.675516    0.987961   -0.028062   -0.028056    0.013632
 277    1.451039    1.843068    0.988930   -0.021247   -0.021240    0.012679
 278    1.451039    2.010619    0.989202   -0.019717   -0.019711    0.012417
 279    1.451039    2.178171    0.988899   -0.023168   -0.023165    0.012732
 280    1.451039    2.345723    0.988051   -0.029602   -0.029604    0.013588
 281    1.451039    2.513274    0.986518   -0.038588   -0.038595    0.015126
 282    1.451039    2.680826    0.983939   -0.050856   -0.050867    0.017699
 283    1.451039    2.848377    0.979713   -0.067280   -0.067297    0.021893
 284    1.451039    3.015929    0.972994   -0.088401   -0.088425    0.028530
 285    1.451039    3.183481    0.962997   -0.113537   -0.113569    0.038356
 286    1.451039    3.351032    0.949840   -0.139922   -0.139959    0.051216
 287    1.596143   -0.921534    0.951562   -0.140461   -0.140510    0.050049
 288    1.596143   -0.753982    0.932457   -0.173593   -0.173646    0.068988
 289    1.596143   -0.586431    0.911947   -0.201749   -0.201801    0.089237
 290    1.596143   -0.418879    0.895056   -0.220497   -0.220543    0.105823
 291    1.596143   -0.251327    0.884424   -0.230248   -0.230285    0.116183
 292    1.596143   -0.083776    0.879580   -0.234077   -0.234103    0.120847
 293    1.596143    0.083776    0.879349   -0.234391   -0.234407    0.121024
 294    1.596143    0.251327    0.883806   -0.231156   -0.231163    0.116646
 295    1.596143    0.418879    0.894420   -0.221709   -0.221708    0.106231
 296    1.596143    0.586431    0.912199   -0.202102   -0.202094    0.088730
 297    1.596143    0.753982    0.934235   -0.171487   -0.171471    0.066970
 298    1.596143    0.921534    0.954507   -0.135113   -0.135093    0.046901
 299    1.596143    1.089085    0.969056   -0.100871   -0.100848    0.032467
 300    1.596143    1.256637    0.977903   -0.073787   -0.073762    0.023669
 301    1.596143    1.424189    0.982855   -0.054722   -0.054697    0.018729
 302    1.596143    1.591740    0.985532   -0.042456   -0.042434    0.016049
 303    1.596143    1.759292    0.986910   -0.035487   -0.035469    0.014666
 304    1.596143    1.926843    0.987487   -0.032655   -0.032642    0.014088
 305    1.596143    2.094395    0.987480   -0.033125   -0.033120    0.014100
 306    1.596143    2.261947    0.986951   -0.036341   -0.036343    0.014643
 307    1.596143    2.429498    0.985826   -0.042203   -0.042212    0.015790
 308    1.596143    2.597050    0.983863   -0.051228   -0.051244    0.017782
 309    1.596143    2.764602    0.980558   -0.064494   -0.064517    0.021116
 310    1.596143    2.932153    0.975004   -0.083394   -0.083426    0.026690
 311    1.596143    3.099705    0.965809   -0.108978   -0.109019    0.035875
 312    1.596143    3.267256    0.951562   -0.140461   -0.140510    0.050049
 313    1.741247   -1.005310    0.953076   -0.139509   -0.139574    0.048819
 314    1.741247   -0.837758    0.931054   -0.179874   -0.179949    0.070918
 315    1.741247   -0.670206    0.901309   -0.221484   -0.221562    0.100690
 316    1.741247   -0.502655    0.870754   -0.254425   -0.254497    0.131211
 317    1.741247   -0.335103    0.847971   -0.273957   -0.274016    0.153912
 318    1.741247   -0.167552    0.835642   -0.282707   -0.282749    0.166147
 319    1.741247    0.000000    0.831624   -0.285318   -0.285342    0.170085
 320    1.741247    0.167552    0.834450   -0.283826   -0.283833    0.167212
 321    1.741247    0.335103    0.845937   -0.276098   -0.276087    0.155715
 322    1.741247    0.502655    0.869201   -0.256621   -0.256593    0.132476
 323    1.741247    0.670206    0.901714   -0.221822   -0.221779    0.099995
 324    1.741247    0.837758    0.933450   -0.176874   -0.176821    0.068267
 325    1.741247    1.005310    0.956321   -0.133376   -0.133319    0.045374
 326    1.741247    1.172861    0.969884   -0.099375   -0.099320    0.031766
 327    1.741247    1.340413    0.977306   -0.076009   -0.075960    0.024293
 328    1.741247    1.507964    0.981320   -0.061122   -0.061081    0.020230
 329    1.741247    1.675516    0.983483   -0.052266   -0.052234    0.018028
 330    1.741247    1.843068    0.984567   -0.047650   -0.047629    0.016919
 331    1.741247    2.010619    0.984927   -0.046181   -0.046169    0.016551
 332    1.741247    2.178171    0.984693   -0.047324   -0.047322    0.016794
 333    1.741247    2.345723    0.983851   -0.051013   -0.051021    0.017662
 334    1.741247    2.513274    0.982242   -0.057638   -0.057655    0.019318
 335    1.741247    2.680826    0.979488   -0.068108   -0.068135    0.022137
 336    1.741247    2.848377    0.974826   -0.083940   -0.083978    0.026881
 337    1.741247    3.015929    0.966813   -0.107171   -0.107222    0.034987
 338    1.741247    3.183481    0.953076   -0.139509   -0.139574    0.048819
 339    1.886351   -1.089085    0.952675   -0.140255   -0.140331    0.049240
 340    1.886351   -0.921534    0.930473   -0.182210   -0.182306    0.071692
 341    1.886351   -0.753982    0.894129   -0.233797   -0.233910    0.108338
 342    1.886351   -0.586431    0.845440   -0.284013   -0.284129    0.157346
 343    1.886351   -0.418879    0.798205   -0.319510   -0.319612    0.204850
 344    1.886351   -0.251327    0.766484   -0.337637   -0.337713    0.236733
 345    1.886351   -0.083776    0.752050   -0.344420   -0.344464    0.251206
 346    1.886351    0.083776    0.750809   -0.345090   -0.345099    0.252373
 347    1.886351    0.251327    0.762958   -0.339747   -0.339721    0.240051
 348    1.886351    0.418879    0.793880   -0.322786   -0.322726    0.208877
 349    1.886351    0.586431    0.842904   -0.286965   -0.286877    0.159554
 350    1.886351    0.753982    0.894630   -0.234180   -0.234078    0.107536
 351    1.886351    0.921534    0.932913   -0.179251   -0.179150    0.069012
 352    1.886351    1.089085    0.955498   -0.135176   -0.135085    0.046239
 353    1.886351    1.256637    0.967744   -0.104527   -0.104450    0.033845
 354    1.886351    1.424189    0.974394   -0.084561   -0.084499    0.027080
 355    1.886351    1.591740    0.978085   -0.072051   -0.072004    0.023301
 356    1.886351    1.759292    0.980107   -0.064675   -0.064642    0.021218
 357    1.886351    1.926843    0.981067   -0.061022   -0.061002    0.020224
 358    1.886351    2.094395    0.981230   -0.060358   -0.060350    0.020054
 359    1.886351    2.261947    0.980661   -0.062447   -0.062451    0.020645
 360    1.886351    2.429498    0.979267   -0.067491   -0.067505    0.022089
 361    1.886351    2.597050    0.976760   -0.076156   -0.076183    0.024679
 362    1.886351    2.764602    0.972521   -0.089706   -0.089745    0.029036
 363    1.886351    2.932153    0.965302   -0.110162   -0.110218    0.036412
 364    1.886351    3.099705    0.952675   -0.140255   -0.140331    0.049240
 365    2.031455   -1.172861    0.950572   -0.142172   -0.142247    0.051087
 366    2.031455   -1.005310    0.930030   -0.181229   -0.181332    0.071981
 367    2.031455   -0.837758    0.893471   -0.234361   -0.234494    0.109020
 368    2.031455   -0.670206    0.833314   -0.296315   -0.296474    0.169803
 369    2.031455   -0.502655    0.753599   -0.350250   -0.350416    0.250227
 370    2.031455   -0.335103    0.678123   -0.381655   -0.381798    0.326321
 371    2.031455   -0.167552    0.629362   -0.393870   -0.393963    0.375449
 372    2.031455    0.000000    0.612303   -0.396770   -0.396798    0.392575
 373    2.031455    0.167552    0.625608   -0.394569   -0.394527    0.379046
 374    2.031455    0.335103    0.671589   -0.383770   -0.383666    0.332579
 375    2.031455    0.502655    0.747245   -0.353973   -0.353825    0.256251
 376    2.031455    0.670206    0.830274   -0.299669   -0.299506    0.172522
 377    2.031455    0.837758    0.893797   -0.235077   -0.234925    0.108429
 378    2.031455    1.005310    0.931849   -0.179412   -0.179283    0.069967
 379    2.031455    1.172861    0.952584   -0.139099   -0.138993    0.048940
 380    2.031455    1.340413    0.963890   -0.111964   -0.111881    0.037422
 381    2.031455    1.507964    0.970245   -0.094282   -0.094219    0.030911
 382    2.031455    1.675516    0.973867   -0.083164   -0.083118    0.027180
 383    2.031455    1.843068    0.975824   -0.076760   -0.076730    0.025154
 384    2.031455    2.010619    0.976618   -0.074019   -0.074003    0.024329
 385    2.031455    2.178171    0.976449   -0.074464   -0.074462    0.024504
 386    2.031455    2.345723    0.975305   -0.078085   -0.078095    0.025691
 387    2.031455    2.513274    0.972975   -0.085320   -0.085343    0.028106
 388    2.031455    2.680826    0.968947   -0.097142   -0.097179    0.032266
 389    2.031455    2.848377    0.962177   -0.115232   -0.115287    0.039223
 390    2.031455    3.015929    0.950572   -0.142172   -0.142247    0.051087
 391    2.176559   -1.256637    0.948646   -0.141770   -0.141839    0.052470
 392    2.176559   -1.089085    0.930990   -0.175408   -0.175503    0.070518
 393    2.176559   -0.921534    0.899828   -0.222719   -0.222846    0.102232
 394    2.176559   -0.753982    0.844778   -0.283984   -0.284149    0.158055
 395    2.176559   -0.586431    0.754669   -0.349275   -0.349476    0.249180
 396    2.176559   -0.418879    0.632384   -0.395379   -0.395596    0.372583
 397    2.176559   -0.251327    0.505850   -0.405016   -0.405206    0.500027
 398    2.176559   -0.083776    0.418108   -0.390417   -0.390514    0.588219
 399    2.176559    0.083776    0.416247   -0.389822   -0.389774    0.589997
 400    2.176559    0.251327    0.500099   -0.404486   -0.404326    0.505559
 401    2.176559    0.418879    0.624295   -0.397185   -0.396973    0.380381
 402    2.176559    0.586431    0.748329   -0.353217   -0.352999    0.255222
 403    2.176559    0.753982    0.842292   -0.287202   -0.287008    0.160284
 404    2.176559    0.921534    0.899974   -0.223751   -0.223589    0.101891
 405    2.176559    1.089085    0.932155   -0.174724   -0.174594    0.069218
 406    2.176559    1.256637    0.949968   -0.140264   -0.140163    0.051062
 407    2.176559    1.424189    0.960104   -0.116988   -0.116910    0.040683
 408    2.176559    1.591740    0.966008   -0.101712   -0.101655    0.034610
 409    2.176559    1.759292    0.969395   -0.092210   -0.092171    0.031110
 410    2.176559    1.926843    0.971115   -0.087107   -0.087083    0.029327
 411    2.176559    2.094395    0.971556   -0.085666   -0.085656    0.028867
 412    2.176559    2.261947    0.970831   -0.087647   -0.087651    0.029617
 413    2.176559    2.429498    0.968821   -0.093253   -0.093272    0.031698
 414    2.176559    2.597050    0.965138   -0.103166   -0.103199    0.035508
 415    2.176559    2.764602    0.958957   -0.118657   -0.118707    0.041882
 416    2.176559    2.932153    0.948646   -0.141770   -0.141839    0.052470
 417    2.321663   -1.340413    0.947971   -0.137794   -0.137855    0.052346
 418    2.321663   -1.172861    0.933933   -0.164866   -0.164949    0.066773
 419    2.321663   -1.005310    0.910329   -0.203014   -0.203124    0.090930
 420    2.321663   -0.837758    0.869650   -0.254491   -0.254633    0.132394
 421    2.321663   -0.670206    0.799559   -0.317471   -0.317652    0.203562
 422    2.321663   -0.502655    0.684906   -0.378519   -0.378740    0.319569
 423    2.321663   -0.335103    0.516657   -0.405264   -0.405517    0.489216
 424    2.321663   -0.167552    0.305883   -0.342203   -0.342451    0.701015
 425    2.321663    0.000000    0.171628   -0.207595   -0.207616    0.835589
 426    2.321663    0.167552    0.302292   -0.339930   -0.339695    0.704471
 427    2.321663    0.335103    0.509287   -0.404994   -0.404731    0.496372
 428    2.321663    0.502655    0.677436   -0.381497   -0.381250    0.326807
 429    2.321663    0.670206    0.795158   -0.321412   -0.321198    0.207752
 430    2.321663    0.837758    0.868211   -0.257194   -0.257017    0.133664
 431    2.321663    1.005310    0.910508   -0.204089   -0.203946    0.090634
 432    2.321663    1.172861    0.934722   -0.164809   -0.164696    0.065910
 433    2.321663    1.340413    0.948862   -0.137177   -0.137089    0.051415
 434    2.321663    1.507964    0.957309   -0.118318   -0.118252    0.042722
 435    2.321663    1.675516    0.962359   -0.105945   -0.105897    0.037505
 436    2.321663    1.843068    0.965204   -0.098512   -0.098481    0.034557
 437    2.321663    2.010619    0.966442   -0.095092   -0.095077    0.033269
 438    2.321663    2.178171    0.966326   -0.095248   -0.095247    0.033386
 439    2.321663    2.345723    0.964855   -0.098961   -0.098974    0.034907
 440    2.321663    2.513274    0.961785   -0.106621   -0.106649    0.038086
 441    2.321663    2.680826    0.956535   -0.119087   -0.119130    0.043514
 442    2.321663    2.848377    0.947971   -0.137794   -0.137855    0.052346
 443    2.466767   -1.424189    0.948429   -0.131234   -0.131286    0.050911
 444    2.466767   -1.256637    0.937940   -0.151925   -0.151995    0.061766
 445    2.466767   -1.089085    0.921215   -0.180925   -0.181016    0.079018
 446    2.466767   -0.921534    0.893933   -0.220460   -0.220576    0.107040
 447    2.466767   -0.753982    0.848426   -0.271966   -0.272110    0.153559
 448    2.466767   -0.586431    0.771939   -0.332817   -0.332996    0.231364
 449    2.466767   -0.418879    0.645913   -0.388761   -0.388976    0.358933
 450    2.466767   -0.251327    0.449267   -0.397289   -0.397533    0.557039
 451    2.466767   -0.083776    0.201926   -0.251226   -0.251458    0.805268
 452    2.466767    0.083776    0.198886   -0.247539   -0.247288    0.808264
 453    2.466767    0.251327    0.442398   -0.396098   -0.395832    0.563796
 454    2.466767    0.418879    0.638629   -0.391041   -0.390798    0.366076
 455    2.466767    0.586431    0.766971   -0.336665   -0.336455    0.236193
 456    2.466767    0.753982    0.846096   -0.275319   -0.275143    0.155772
 457    2.466767    0.921534    0.893344   -0.222558   -0.222412    0.107546
 458    2.466767    1.089085    0.921487   -0.181898   -0.181780    0.078698
 459    2.466767    1.256637    0.938529   -0.152164   -0.152071    0.061158
 460    2.466767    1.424189    0.949052   -0.131092   -0.131019    0.050286
 461    2.466767    1.591740    0.955589   -0.116642   -0.116588    0.043510
 462    2.466767    1.759292    0.959526   -0.107311   -0.107274    0.039418
 463    2.466767    1.926843    0.961607   -0.102113   -0.102091    0.037247
 464    2.466767    2.094395    0.962201   -0.100491   -0.100485    0.036622
 465    2.466767    2.261947    0.961419   -0.102259   -0.102266    0.037429
 466    2.466767    2.429498    0.959157   -0.107565   -0.107587    0.039777
 467    2.466767    2.597050    0.955064   -0.116917   -0.116953    0.044027
 468    2.466767    2.764602    0.948429   -0.131234   -0.131286    0.050911
 469    2.611871   -1.507964    0.949469   -0.123722   -0.123766    0.048808
 470    2.611871   -1.340413    0.941945   -0.139012   -0.139070    0.056677
 471    2.611871   -1.172861    0.930420   -0.160422   -0.160497    0.068697
 472    2.611871   -1.005310    0.912561   -0.189660   -0.189753    0.087242
 473    2.611871   -0.837758    0.884229   -0.228638   -0.228751    0.116498
 474    2.611871   -0.670206    0.838101   -0.278570   -0.278707    0.163820
 475    2.611871   -0.502655    0.761751   -0.337033   -0.337196    0.241622
 476    2.611871   -0.335103    0.637601   -0.390017   -0.390201    0.367332
 477    2.611871   -0.167552    0.461834   -0.399335   -0.399501    0.544398
 478    2.611871    0.000000    0.345240   -0.363908   -0.363901    0.661505
 479    2.611871    0.167552    0.456445   -0.398713   -0.398529    0.549764
 480    2.611871    0.335103    0.631361   -0.392024   -0.391817    0.373526
 481    2.611871    0.502655    0.757175   -0.340543   -0.340354    0.246141
 482    2.611871    0.670206    0.835595   -0.281973   -0.281810    0.166276
 483    2.611871    0.837758    0.883244   -0.231175   -0.231037    0.117450
 484    2.611871    1.005310    0.912453   -0.191258   -0.191143    0.087341
 485    2.611871    1.172861    0.930726   -0.161291   -0.161196    0.068401
 486    2.611871    1.340413    0.942390   -0.139403   -0.139327    0.056256
 487    2.611871    1.507964    0.949903   -0.123843   -0.123785    0.048403
 488    2.611871    1.675516    0.954663   -0.113255   -0.113214    0.043411
 489    2.611871    1.843068    0.957463   -0.106693   -0.106667    0.040466
 490    2.611871    2.010619    0.958732   -0.103565   -0.103553    0.039125
 491    2.611871    2.178171    0.958658   -0.103581   -0.103584    0.039193
 492    2.611871    2.345723    0.957246   -0.106728   -0.106744    0.040666
 493    2.611871    2.513274    0.954319   -0.113258   -0.113288    0.043730
 494    2.611871    2.680826    0.949469   -0.123722   -0.123766    0.048808
 495    2.756975   -1.591740    0.950609   -0.116601   -0.116637    0.046606
 496    2.756975   -1.424189    0.945357   -0.127656   -0.127705    0.052186
 497    2.756975   -1.256637    0.937488   -0.143270   -0.143331    0.060525
 498    2.756975   -1.089085    0.925740   -0.164650   -0.164725    0.072916
 499    2.756975   -0.921534    0.907910   -0.193400   -0.193490    0.091593
 500    2.756975   -0.753982    0.880089   -0.231374   -0.231480    0.120489
 501    2.756975   -0.586431    0.835363   -0.279823   -0.279947    0.166515
 502    2.756975   -0.418879    0.762711   -0.336205   -0.336344    0.240626
 503    2.756975   -0.251327    0.653313   -0.386171   -0.386309    0.351441
 504    2.756975   -0.083776    0.541225   -0.404833   -0.404903    0.464481
 505    2.756975    0.083776    0.539065   -0.405085   -0.405014    0.466657
 506    2.756975    0.251327    0.649264   -0.387864   -0.387717    0.355516
 507    2.756975    0.418879    0.759260   -0.339106   -0.338950    0.244099
 508    2.756975    0.586431    0.833217   -0.282875   -0.282732    0.168681
 509    2.756975    0.753982    0.879058   -0.233925   -0.233800    0.121545
 510    2.756975    0.921534    0.907608   -0.195271   -0.195164    0.091931
 511    2.756975    1.089085    0.925840   -0.165906   -0.165816    0.072862
 512    2.756975    1.256637    0.937771   -0.144056   -0.143982    0.060295
 513    2.756975    1.424189    0.945685   -0.128118   -0.128059    0.051911
 514    2.756975    1.591740    0.950902   -0.116853   -0.116810    0.046359
 515    2.756975    1.759292    0.954191   -0.109379   -0.109349    0.042845
 516    2.756975    1.926843    0.955991   -0.105108   -0.105092    0.040914
 517    2.756975    2.094395    0.956530   -0.103706   -0.103704    0.040327
 518    2.756975    2.261947    0.955880   -0.105057   -0.105068    0.041008
 519    2.756975    2.429498    0.953978   -0.109253   -0.109276    0.043025
 520    2.756975    2.597050    0.950609   -0.116601   -0.116637    0.046606
 521    2.902079   -1.675516    0.951628   -0.110446   -0.110474    0.044592
 522    2.902079   -1.507964    0.948066   -0.118286   -0.118325    0.048468
 523    2.902079   -1.340413    0.942744   -0.129588   -0.129637    0.054244
 524    2.902079   -1.172861    0.934971   -0.145182   -0.145242    0.062630
 525    2.902079   -1.005310    0.923563   -0.166248   -0.166318    0.074831
 526    2.902079   -0.837758    0.906458   -0.194364   -0.194446    0.092922
 527    2.902079   -0.670206    0.880027   -0.231335   -0.231429    0.120524
 528    2.902079   -0.502655    0.838228   -0.278108   -0.278215    0.163639
 529    2.902079   -0.335103    0.773942   -0.330867   -0.330979    0.229270
 530    2.902079   -0.167552    0.693637   -0.374287   -0.374376    0.310702
 531    2.902079    0.000000    0.649475   -0.390026   -0.390033    0.355353
 532    2.902079    0.167552    0.692051   -0.375355   -0.375274    0.312345
 533    2.902079    0.335103    0.772186   -0.332793   -0.332678    0.231105
 534    2.902079    0.502655    0.836859   -0.280442   -0.280326    0.165090
 535    2.902079    0.670206    0.879226   -0.233571   -0.233464    0.121408
 536    2.902079    0.837758    0.906133   -0.196228   -0.196134    0.093331
 537    2.902079    1.005310    0.923553   -0.167679   -0.167597    0.074928
 538    2.902079    1.172861    0.935133   -0.146219   -0.146150    0.062554
 539    2.902079    1.340413    0.942975   -0.130307   -0.130251    0.054093
 540    2.902079    1.507964    0.948298   -0.118763   -0.118720    0.048306
 541    2.902079    1.675516    0.951817   -0.110743   -0.110712    0.044456
 542    2.902079    1.843068    0.953956   -0.105674   -0.105655    0.042103
 543    2.902079    2.010619    0.954950   -0.103200   -0.103194    0.040999
 544    2.902079    2.178171    0.954908   -0.103150   -0.103156    0.041030
 545    2.902079    2.345723    0.953834   -0.105513   -0.105530    0.042192
 546    2.902079    2.513274    0.951628   -0.110446   -0.110474    0.044592
 547    3.047183   -1.759292    0.952451   -0.105443   -0.105465    0.042892
 548    3.047183   -1.591740    0.950136   -0.110866   -0.110897    0.045507
 549    3.047183   -1.424189    0.946611   -0.118969   -0.119008    0.049473
 550    3.047183   -1.256637    0.941501   -0.130306   -0.130353    0.055180
 551    3.047183   -1.089085    0.934169   -0.145689   -0.145744    0.063272
 552    3.047183   -0.921534    0.923545   -0.166247   -0.166311    0.074825
 553    3.047183   -0.753982    0.907811   -0.193425   -0.193497    0.091643
 554    3.047183   -0.586431    0.884000   -0.228617   -0.228699    0.116653
 555    3.047183   -0.418879    0.848263   -0.271542   -0.271631    0.153626
 556    3.047183   -0.251327    0.800485   -0.315883   -0.315968    0.202523
 557    3.047183   -0.083776    0.758235   -0.346076   -0.346123    0.245507
 558    3.047183    0.083776    0.758028   -0.346424   -0.346403    0.245754
 559    3.047183    0.251327    0.800170   -0.316756   -0.316686    0.202938
 560    3.047183    0.418879    0.847919   -0.272829   -0.272743    0.154096
 561    3.047183    0.586431    0.883643   -0.230237   -0.230152    0.117141
 562    3.047183    0.753982    0.907598   -0.195059   -0.194980    0.091985
 563    3.047183    0.921534    0.923503   -0.167687   -0.167617    0.074994
 564    3.047183    1.089085    0.934251   -0.146860   -0.146799    0.063310
 565    3.047183    1.256637    0.941650   -0.131208   -0.131157    0.055140
 566    3.047183    1.424189    0.946780   -0.119631   -0.119591    0.049399
 567    3.047183    1.591740    0.950289   -0.111325   -0.111295    0.045430
 568    3.047183    1.759292    0.952565   -0.105731   -0.105712    0.042831
 569    3.047183    1.926843    0.953838   -0.102485   -0.102476    0.041363
 570    3.047183    2.094395    0.954229   -0.101380   -0.101382    0.040899
 571    3.047183    2.261947    0.953778   -0.102347   -0.102359    0.041396
 572    3.047183    2.429498    0.952451   -0.105443   -0.105465    0.042892
 573    3.192287   -1.843068    0.953071   -0.101623   -0.101640    0.041553
 574    3.192287   -1.675516    0.951665   -0.105227   -0.105251    0.043235
 575    3.192287   -1.507964    0.949427   -0.110938   -0.110969    0.045901
 576    3.192287   -1.340413    0.946157   -0.119111   -0.119148    0.049757
 577    3.192287   -1.172861    0.941522   -0.130268   -0.130311    0.055136
 578    3.192287   -1.005310    0.934990   -0.145134   -0.145184    0.062566
 579    3.192287   -0.837758    0.925707   -0.164636   -0.164692    0.072880
 580    3.192287   -0.670206    0.912389   -0.189735   -0.189797    0.087325
 581    3.192287   -0.502655    0.893489   -0.220666   -0.220734    0.107379
 582    3.192287   -0.335103    0.868804   -0.254805   -0.254876    0.133130
 583    3.192287   -0.167552    0.843481   -0.284326   -0.284384    0.159258
 584    3.192287    0.000000    0.831650   -0.296684   -0.296703    0.171426
 585    3.192287    0.167552    0.843611   -0.284582   -0.284554    0.159211
 586    3.192287    0.335103    0.869034   -0.255259   -0.255205    0.133035
 587    3.192287    0.502655    0.893613   -0.221480   -0.221419    0.107413
 588    3.192287    0.670206    0.912371   -0.190940   -0.190879    0.087507
 589    3.192287    0.837758    0.925684   -0.165949   -0.165892    0.073062
 590    3.192287    1.005310    0.935019   -0.146349   -0.146298    0.062687
 591    3.192287    1.172861    0.941600   -0.131296   -0.131252    0.055196
 592    3.192287    1.340413    0.946260   -0.119928   -0.119892    0.049774
 593    3.192287    1.507964    0.949534   -0.111549   -0.111521    0.045894
 594    3.192287    1.675516    0.951755   -0.105647   -0.105628    0.043219
 595    3.192287    1.843068    0.953130   -0.101868   -0.101858    0.041539
 596    3.192287    2.010619    0.953779   -0.099992   -0.099992    0.040731
 597    3.192287    2.178171    0.953759   -0.099912   -0.099920    0.040736
 598    3.192287    2.345723    0.953071   -0.101623   -0.101640    0.041553
 599    3.337391   -1.926843    0.953501   -0.098954   -0.098967    0.040589
 600    3.337391   -1.759292    0.952743   -0.101185   -0.101203    0.041584
 601    3.337391   -1.591740    0.951430   -0.105093   -0.105116    0.043304
 602    3.337391   -1.424189    0.949460   -0.110884   -0.110913    0.045847
 603    3.337391   -1.256637    0.946673   -0.118867   -0.118899    0.049368
 604    3.337391   -1.089085    0.942825   -0.129450   -0.129487    0.054098
 605    3.337391   -0.921534    0.937568   -0.143124   -0.143165    0.060361
 606    3.337391   -0.753982    0.930448   -0.160326   -0.160372    0.068568
 607    3.337391   -0.586431    0.921089   -0.180988   -0.181039    0.079032
 608    3.337391   -0.418879    0.909869   -0.203427   -0.203482    0.091280
 609    3.337391   -0.251327    0.898714   -0.223801   -0.223854    0.103254
 610    3.337391   -0.083776    0.891352   -0.236462   -0.236500    0.111092
 611    3.337391    0.083776    0.891329   -0.236625   -0.236630    0.111156
 612    3.337391    0.251327    0.898744   -0.224165   -0.224143    0.103335
 613    3.337391    0.418879    0.910010   -0.203884   -0.203846    0.091293
 614    3.337391    0.586431    0.921192   -0.181725   -0.181682    0.079104
 615    3.337391    0.753982    0.930451   -0.161409   -0.161367    0.068744
 616    3.337391    0.921534    0.937550   -0.144315   -0.144276    0.060551
 617    3.337391    1.089085    0.942830   -0.130565   -0.130530    0.054253
 618    3.337391    1.256637    0.946704   -0.119818   -0.119788    0.049480
 619    3.337391    1.424189    0.949507   -0.111641   -0.111618    0.045920
 620    3.337391    1.591740    0.951479   -0.105650   -0.105634    0.043349
 621    3.337391    1.759292    0.952783   -0.101550   -0.101541    0.041609
 622    3.337391    1.926843    0.953523   -0.099135   -0.099133    0.040600
 623    3.337391    2.094395    0.953756   -0.098283   -0.098289    0.040267
 624    3.337391    2.261947    0.953501   -0.098954   -0.098967    0.040589
 625    3.482495   -2.010619    0.953761   -0.097395   -0.097404    0.040001
 626    3.482495   -1.843068    0.953439   -0.098590   -0.098604    0.040500
 627    3.482495   -1.675516    0.952777   -0.101128   -0.101146    0.041529
 628    3.482495   -1.507964    0.951734   -0.105110   -0.105132    0.043124
 629    3.482495   -1.340413    0.950243   -0.110685   -0.110710    0.045336
 630    3.482495   -1.172861    0.948216   -0.118035   -0.118063    0.048236
 631    3.482495   -1.005310    0.945552   -0.127333   -0.127364    0.051893
 632    3.482495   -0.837758    0.942179   -0.138627   -0.138661    0.056334
 633    3.482495   -0.670206    0.938191   -0.151518   -0.151555    0.061400
 634    3.482495   -0.502655    0.934153   -0.164521   -0.164561    0.066443
 635    3.482495   -0.335103    0.931041   -0.175341   -0.175384    0.070377
 636    3.482495   -0.167552    0.929562   -0.181975   -0.182015    0.072397
 637    3.482495    0.000000    0.929171   -0.184256   -0.184281    0.072995
 638    3.482495    0.167552    0.929220   -0.182715   -0.182717    0.072807
 639    3.482495    0.335103    0.930702   -0.176270   -0.176255    0.070837
 640    3.482495    0.502655    0.933991   -0.165356   -0.165332    0.066762
 641    3.482495    0.670206    0.938108   -0.152443   -0.152416    0.061661
 642    3.482495    0.837758    0.942084   -0.139765   -0.139738    0.056610
 643    3.482495    1.005310    0.945467   -0.128516   -0.128491    0.052153
 644    3.482495    1.172861    0.948159   -0.119116   -0.119094    0.048453
 645    3.482495    1.340413    0.950215   -0.111592   -0.111574    0.045504
 646    3.482495    1.507964    0.951726   -0.105816   -0.105803    0.043245
 647    3.482495    1.675516    0.952780   -0.101627   -0.101620    0.041610
 648    3.482495    1.843068    0.953444   -0.098886   -0.098885    0.040546
 649    3.482495    2.010619    0.953763   -0.097493   -0.097497    0.040016
 650    3.482495    2.178171    0.953761   -0.097395   -0.097404    0.040001
 651    3.627599   -2.094395    0.953865   -0.096910   -0.096919    0.039785
 652    3.627599   -1.926843    0.953796   -0.097337   -0.097348    0.039946
 653    3.627599   -1.759292    0.953571   -0.098837   -0.098851    0.040478
 654    3.627599   -1.591740    0.953180   -0.101439   -0.101455    0.041383
 655    3.627599   -1.424189    0.952607   -0.105178   -0.105196    0.042655
 656    3.627599   -1.256637    0.951845   -0.110075   -0.110095    0.044277
 657    3.627599   -1.089085    0.950907   -0.116092   -0.116114    0.046198
 658    3.627599   -0.921534    0.949872   -0.123032   -0.123056    0.048288
 659    3.627599   -0.753982    0.948972   -0.130305   -0.130332    0.050251
 660    3.627599   -0.586431    0.948696   -0.136550   -0.136579    0.051514
 661    3.627599   -0.418879    0.949545   -0.140189   -0.140222    0.051484
 662    3.627599   -0.251327    0.951446   -0.140591   -0.140625    0.050157
 663    3.627599   -0.083776    0.953099   -0.139557   -0.139586    0.048802
 664    3.627599    0.083776    0.952760   -0.140348   -0.140365    0.049171
 665    3.627599    0.251327    0.950704   -0.142317   -0.142320    0.050980
 666    3.627599    0.418879    0.948845   -0.141904   -0.141896    0.052305
 667    3.627599    0.586431    0.948232   -0.137915   -0.137902    0.052129
 668    3.627599    0.753982    0.948679   -0.131529   -0.131513    0.050713
 669    3.627599    0.921534    0.949648   -0.124302   -0.124286    0.048688
 670    3.627599    1.089085    0.950731   -0.117315   -0.117301    0.046543
 671    3.627599    1.256637    0.951717   -0.111148   -0.111137    0.044559
 672    3.627599    1.424189    0.952520   -0.106049   -0.106042    0.042872
 673    3.627599    1.591740    0.953125   -0.102091   -0.102087    0.041539
 674    3.627599    1.759292    0.953540   -0.099268   -0.099269    0.040580
 675    3.627599    1.926843    0.953782   -0.097550   -0.097555    0.039995
 676    3.627599    2.094395    0.953865   -0.096910   -0.096919    0.039785
